Setup title	"Solar Cell Cp-V"
Application test name	"Solar Cell Cp-V"
Test date	4/3/2023
Test time	18:29:18
Device ID	
Count	14
Flags	
Remarks	
Name	Anode	VdcStart	VdcStop	VdcStep	OscLevel	FREQ	IntegTime	HoldTime	DelayTime	CpMin	CpMax	GMin	GMax	NMin	NMax
Value	"CMU1:MF	MFCMU"	-5	5	0.1	0.06	500000	MEDIUM	0	0	1E-15	5E-07	0	0.005	1E+15	1E+17
Name	Temp	Area	Es
Value	25	1	25.5
Vdc	Cp	Cp_2	G	N	W	Rp	D
-5	5.58645E-11	3.20426309491612E+20	9.92101E-06	-2250841734164.81	0.000404159697124292	100796.189097683	0.0565288432533907
-4.9	5.58431E-11	3.20671941876083E+20	9.90412E-06	-2233871778014.66	0.00040431457780818	100968.081969928	0.0564542317663489
-4.8	5.58214E-11	3.20921306230164E+20	9.89185E-06	-2453553859075.86	0.000404471750977224	101093.32430233	0.05640621065842
-4.7	5.58039E-11	3.21122618448912E+20	9.8862E-06	-2589558448511.02	0.000404598592571487	101151.099512452	0.0563916714923327
-4.6	5.57843E-11	3.21348313098881E+20	9.8659E-06	-1986611659540.99	0.000404740749637443	101359.227237252	0.0562956513947733
-4.5	5.57556E-11	3.21679224084014E+20	9.86129E-06	-1988640826482.92	0.00040494908852205	101406.611102604	0.0562983107979494
-4.4	5.57361E-11	3.21904350785393E+20	9.86528E-06	-2080657112804.59	0.000405090765231152	101365.597327192	0.0563407944576678
-4.3	5.57096E-11	3.22210671210816E+20	9.83628E-06	-1497867659523.25	0.000405283459224263	101664.450381648	0.056201896392591
-4.2	5.56723E-11	3.22642573042499E+20	9.84649E-06	-1665695607233.03	0.00040555499593155	101559.032711149	0.0562979275368653
-4.1	5.56523E-11	3.22874513535703E+20	9.83139E-06	-1440696890647.59	0.000405700741928007	101715.01689995	0.0562317933298219
-4	5.56062E-11	3.23410089965481E+20	9.81011E-06	-1378550170903.53	0.000406037085792592	101935.656175109	0.056156597601549
-3.9	5.55833E-11	3.23676631055833E+20	9.82521E-06	-1359334963546.34	0.000406204370737254	101778.995054559	0.0562662072390922
-3.8	5.55364E-11	3.24223546011352E+20	9.79112E-06	-1160957247042.65	0.000406547406745846	102133.361658319	0.0561183348724913
-3.7	5.55017E-11	3.24629085805805E+20	9.78466E-06	-1205389221805.38	0.000406801582654225	102200.791851735	0.0561163714075042
-3.6	5.5458E-11	3.25140892229865E+20	9.7615E-06	-1009497435226.54	0.000407122135670237	102443.272038109	0.0560276597422168
-3.5	5.54083E-11	3.25724441975988E+20	9.75913E-06	-905077650651.464	0.000407487315077344	102468.150337171	0.0560643001058253
-3.4	5.53541E-11	3.26362620822615E+20	9.73487E-06	-805437548675.351	0.00040788630652472	102723.508377616	0.0559796900629724
-3.3	5.52919E-11	3.27097309737466E+20	9.67917E-06	-717133463279.45	0.000408345153630098	103314.643714285	0.055722004507972
-3.2	5.52238E-11	3.27904536380987E+20	9.65201E-06	-618447208136.476	0.000408848710157577	103605.363028012	0.0556341686835311
-3.1	5.51414E-11	3.2888527034253E+20	9.6225E-06	-579063659496.197	0.000409459669141516	103923.096908288	0.055546955278689
-3	5.50637E-11	3.29814100599577E+20	9.61585E-06	-493980249760.212	0.000410037454802347	103994.966643614	0.0555868951607171
-2.9	5.49547E-11	3.31123738874413E+20	9.58883E-06	-378127858351.972	0.000410850744340338	104288.010111765	0.0555406432195333
-2.8	5.48212E-11	3.32738400462801E+20	9.54119E-06	-338099743524.782	0.000411851243679452	104808.729309447	0.0553992817187272
-2.7	5.46853E-11	3.3439425080362E+20	9.46879E-06	-279264310710.136	0.000412874746961249	105610.114914366	0.0551155331908022
-2.6	5.44979E-11	3.36697944171226E+20	9.39928E-06	-213363157056.127	0.000414294484741614	106391.127831068	0.0548990648632394
-2.5	5.42664E-11	3.39576772752191E+20	9.34949E-06	-163322849437.704	0.000416061861483349	106957.705714429	0.0548412110952125
-2.4	5.39581E-11	3.43468333300896E+20	9.22671E-06	-113558643921.081	0.000418439111088048	108380.99387539	0.054430252546913
-2.3	5.35047E-11	3.49314113797126E+20	9.10715E-06	-74038431921.7919	0.000421984973282721	109803.835447972	0.054180209962105
-2.2	5.28219E-11	3.58403269330171E+20	8.86177E-06	-41973289881.1455	0.000427439743742652	112844.273773749	0.0534018844473153
-2.1	5.15945E-11	3.7565846868546E+20	8.42199E-06	-20989674245.208	0.00043760826057041	118736.78311183	0.0519590785518166
-2	4.93213E-11	4.11084374884359E+20	7.66798E-06	-10760759295.6874	0.00045777745923161	130412.442390304	0.0494876217995105
-1.9	4.5719E-11	4.7841694641695E+20	6.5274E-06	-7552934421.03823	0.000493846746429275	153200.355424825	0.0454457873329819
-1.8	4.23529E-11	5.57485651900586E+20	5.50695E-06	-8457065483.87518	0.000533096420788187	181588.719708732	0.0413883495042906
-1.7	4.05165E-11	6.09166701940084E+20	4.96562E-06	-13564733583.1632	0.000557258879715671	201384.721343961	0.0390114135483656
-1.6	3.95593E-11	6.3900286251741E+20	4.72765E-06	-22730601936.0968	0.000570742642058884	211521.580489249	0.0380405551518146
-1.5	3.89896E-11	6.57812982736715E+20	4.56994E-06	-34873501056.8606	0.000579082098816094	218821.253670727	0.0373088485459486
-1.4	3.86129E-11	6.70710583593561E+20	4.47448E-06	-49810298273.8408	0.000584731512007645	223489.656898679	0.036885890972499
-1.3	3.83479E-11	6.80012392954673E+20	4.42924E-06	-73307628804.668	0.000588772250892487	225772.367268425	0.0367652695527278
-1.2	3.81859E-11	6.85794405870861E+20	4.38589E-06	-135589496016.642	0.00059127006041497	228003.894306515	0.036559885892829
-1.1	3.812E-11	6.88167591380398E+20	4.3513E-06	-3077294441820.78	0.00059229221930745	229816.376715005	0.0363342551876148
-1	3.81759E-11	6.86153734256676E+20	4.38983E-06	138112537862.314	0.000591424940865834	227799.254185242	0.0366023142261621
-0.9	3.83437E-11	6.80161372237845E+20	4.40665E-06	62063638467.9457	0.0005888367424114	226929.753894682	0.0365817659733452
-0.8	3.86814E-11	6.6833719510822E+20	4.50937E-06	37789070661.1659	0.000583696024445858	221760.467648474	0.0371076809903717
-0.7	3.91961E-11	6.50900021664433E+20	4.63648E-06	27469577320.8654	0.000576031273519559	215680.861343088	0.0376526598588583
-0.6	3.99017E-11	6.28083235917523E+20	4.84894E-06	21681938650.772	0.00056584504920843	206230.640098661	0.0386816987625194
-0.5	4.08282E-11	5.99900926875442E+20	5.05854E-06	18931889473.2021	0.000553004526283304	197685.498187224	0.0394380181261128
-0.4	4.18973E-11	5.69676004773214E+20	5.37155E-06	18562886337.1959	0.000538893422726524	186166.004225968	0.0408097292458219
-0.3	4.30199E-11	5.4033264506982E+20	5.68083E-06	19715515356.292	0.000524831052605887	176030.615244603	0.0420332067422267
-0.2	4.41257E-11	5.13590265979329E+20	5.97812E-06	22501400979.1506	0.000511678667987137	167276.668919326	0.0431244081520185
-0.1	4.51206E-11	4.91190849610755E+20	6.27051E-06	26903371640.6102	0.000500396258028484	159476.661387989	0.0442362318855429
0	4.60049E-11	4.72489125972376E+20	6.55132E-06	32236304404.4685	0.00049077770846149	152640.994486607	0.0453288654807231
0.1	4.67837E-11	4.5688917437572E+20	6.77435E-06	38582839107.9595	0.000482607818535088	147615.638400732	0.0460917494227628
0.2	4.7467E-11	4.43829771968754E+20	6.9907E-06	45903966544.4102	0.000475660551541071	143047.191268399	0.0468790722258746
0.3	4.8068E-11	4.32800640688984E+20	7.14831E-06	53735035856.4409	0.000469713310310394	139893.205526901	0.0473366427250359
0.4	4.86072E-11	4.23251777987062E+20	7.35012E-06	61096444940.1783	0.000464502777366316	136052.200508291	0.0481331132144578
0.5	4.91057E-11	4.14702054993163E+20	7.52128E-06	68354258569.2987	0.000459787344442702	132956.092579986	0.0487539691065808
0.6	4.95636E-11	4.0707488912009E+20	7.65415E-06	77014354850.5519	0.000455539537079631	130648.079799847	0.0491568734985812
0.7	4.99785E-11	4.0034422200728E+20	7.79992E-06	82362879444.902	0.000451757843872865	128206.443143007	0.0496771941423472
0.8	5.04017E-11	3.93649432750519E+20	7.90607E-06	86910964161.9634	0.000447964640081585	126485.093099353	0.0499304634935273
0.9	5.07921E-11	3.87621325015835E+20	8.09145E-06	92878978051.2914	0.000444521478733898	123587.243324744	0.050708447348357
1	5.11816E-11	3.81744055800213E+20	8.18205E-06	97044986647.0234	0.000441138600590837	122218.759357374	0.0508860098990798
1.1	5.15555E-11	3.76227029620837E+20	8.32086E-06	100254326802.447	0.000437939296486311	120179.885252246	0.0513739950063897
1.2	5.19374E-11	3.70714514435492E+20	8.44831E-06	101963103085.124	0.000434719092599938	118366.86864	0.0517773433892736
1.3	5.2315E-11	3.65382329812744E+20	8.6116E-06	105328514936.116	0.000431581370543821	116122.439500209	0.0523971598176627
1.4	5.26888E-11	3.6021631985703E+20	8.73634E-06	104735327398.531	0.000428519522175491	114464.409581129	0.0527790230763198
1.5	5.30876E-11	3.54824676803724E+20	8.87669E-06	106306924850.246	0.000425300435506597	112654.604362662	0.0532240708487388
1.6	5.34664E-11	3.49814746807884E+20	9.00455E-06	110065053998.091	0.000422287257043676	111054.966655746	0.053608196655039
1.7	5.38555E-11	3.44778261485752E+20	9.14843E-06	115696917060.021	0.000419236278560221	109308.37313069	0.0540712779950258
1.8	5.42121E-11	3.40257368162383E+20	9.25969E-06	131423794283.577	0.00041647859795138	107994.976073713	0.0543688746607848
1.9	5.45249E-11	3.36364570110552E+20	9.39689E-06	152405126617.323	0.000414089331663148	106418.187293881	0.0548579270458516
2	5.47995E-11	3.33001974141181E+20	9.45919E-06	191186979947.082	0.000412014332247557	105717.297147007	0.0549449117654652
2.1	5.49998E-11	3.30580916617171E+20	9.5508E-06	253758079981.047	0.000410513845504893	104703.270930184	0.0552750021084607
2.2	5.51616E-11	3.28644440995665E+20	9.60482E-06	326741855837.042	0.000409309726331361	104114.392565399	0.0554245917634109
2.3	5.52835E-11	3.2719671828229E+20	9.66313E-06	423380193120.225	0.000408407199254751	103486.137514449	0.0556381164448696
2.4	5.53821E-11	3.26032700384206E+20	9.67571E-06	533303688419.734	0.000407680087970662	103351.588668945	0.0556113644814506
2.5	5.54595E-11	3.25123304449851E+20	9.69641E-06	645363669221.047	0.000407111124333973	103130.95258967	0.0556525602194782
2.6	5.55282E-11	3.24319311023763E+20	9.73465E-06	745151358162.578	0.000406607442704788	102725.829896298	0.0558029133582544
2.7	5.55865E-11	3.23639365338224E+20	9.77884E-06	876621294391.625	0.00040618098639058	102261.617942414	0.0559974354818218
2.8	5.56365E-11	3.23057923407999E+20	9.78395E-06	1043786134133.31	0.000405815955353051	102208.208341212	0.0559763466596332
2.9	5.56777E-11	3.22579991958659E+20	9.78617E-06	1231161390473.55	0.000405515662464506	102185.022332537	0.0559476174280908
3	5.5714E-11	3.22159780197031E+20	9.81645E-06	1418412616150.45	0.000405251452058729	101869.820556311	0.0560841634459859
3.1	5.57451E-11	3.21800416797053E+20	9.8571E-06	1451278783436.17	0.00040502536366425	101449.716448043	0.0562849896960098
3.2	5.578E-11	3.21397859567391E+20	9.83272E-06	1522810520324.85	0.0004047719505199	101701.258654777	0.0561106486926833
3.3	5.58081E-11	3.21074286244563E+20	9.85694E-06	1902673201978.55	0.000404568143334032	101451.363201967	0.0562205387662588
3.4	5.58305E-11	3.2081669868106E+20	9.85062E-06	2105422650345.69	0.000404405824773197	101516.452771501	0.0561619496698142
3.5	5.58538E-11	3.20549090391713E+20	9.85336E-06	2224652815032.56	0.000404237122630869	101488.223306568	0.0561541363368062
3.6	5.58738E-11	3.20319650675642E+20	9.8898E-06	2101411792823.78	0.000404092426146065	101114.279358531	0.056341632614593
3.7	5.58997E-11	3.20022892124321E+20	9.89518E-06	2711565651995.91	0.000403905198060097	101059.303620551	0.0563461632096222
3.8	5.59094E-11	3.19911857029323E+20	9.88936E-06	2584777074383.79	0.000403835122537534	101118.77816158	0.0563032523337995
3.9	5.59371E-11	3.1959509536946E+20	9.90128E-06	2394276179598.37	0.000403635143759687	100997.042806587	0.0563432017368551
4	5.59498E-11	3.19450022570173E+20	9.90116E-06	4017852407107.33	0.000403543522943782	100998.266869741	0.0563297297343028
4.1	5.59612E-11	3.19319883855343E+20	9.90651E-06	3814943795852.5	0.000403461316054695	100943.722865066	0.0563486857068716
4.2	5.59752E-11	3.19160173150724E+20	9.90583E-06	3862869435472.64	0.000403360406036959	100950.65229264	0.0563307253901152
4.3	5.59863E-11	3.19033630523997E+20	9.91873E-06	2995363133692.16	0.000403280434677769	100819.358930024	0.0563929000021174
4.4	5.60076E-11	3.18791016158698E+20	9.94251E-06	2603759674433.93	0.000403127064898335	100578.224210989	0.0565066031481799
4.5	5.60236E-11	3.18608952603328E+20	9.92782E-06	5925409166332.47	0.000403011934256278	100727.047831246	0.0564070008755945
4.6	5.6024E-11	3.18604403012935E+20	9.95975E-06	3954526489542.98	0.000403009056832786	100404.126609604	0.0565880138676248
4.7	5.60482E-11	3.18329333982139E+20	9.91906E-06	3550756364266.7	0.000402835049118437	100816.004742385	0.0563324934547584
4.8	5.60514E-11	3.18292987885841E+20	9.93033E-06	6716083645972.61	0.000402812051081686	100701.587963341	0.0563932785277135
4.9	5.60627E-11	3.18164690522834E+20	9.94666E-06	3504839905478.01	0.000402730860268949	100536.260413043	0.0564746295221183
5	5.60792E-11	3.17977492949044E+20	9.95107E-06	2953455063753.78	0.000402612366082255	100491.705917052	0.056483044678022
